LAPPMS data file

299 atoms
9 atom types
358 bonds
14 bond types 
535 angles
27 angle types
590 dihedrals
37 dihedral types

Atoms

1 1 2 1.4210854715202e-13 101.222550957611 0 
2 1 3 3.74000000000014 101.222550957611 0 
3 1 4 8.65900000000014 103.166550957611 0 
4 1 9 8.65900000000014 99.2365509576112 0 
5 1 1 -2.27995904800261 95.7982147723974 0 
6 2 2 0.554507109605652 90.6419139751045 0 
7 2 3 4.27401899898133 91.0328504210813 0 
8 2 6 8.11094984485394 94.5159999561991 0 
9 2 5 8.63045629846477 89.5732261352908 0 
10 2 1 -1.14596456855084 85.0089722585077 0 
11 3 2 2.21195427672663 80.1772006021357 0 
12 3 3 5.87022630624912 80.9547903127244 0 
13 3 4 10.2775540377563 83.8790268399376 0 
14 3 9 11.0946469689364 80.0349067661346 0 
15 3 1 1.10960069133384 74.3973690402681 0 
16 4 2 4.95418216397594 69.943064424393 0 
17 4 8 8.38749619377966 71.0586157556875 0 
18 4 6 11.7639427986371 75.180746554746 0 
19 4 7 13.9054305343354 68.5899248853444 0 
20 4 1 4.46202428749906 64.0796680591955 0 
21 5 2 8.75114634979688 60.0516327756485 0 
22 5 3 12.1678063722496 61.5728277963389 0 
23 5 4 15.8708404712397 65.3494976868267 0 
24 5 9 17.4693154528743 61.7592640268697 0 
25 5 1 8.87457636673744 54.1689122025032 0 
26 6 2 13.5612465014217 50.6112782472672 0 
27 6 3 16.8001815282777 52.4812782183382 0 
28 6 4 20.0881605264976 56.6243315739282 0 
29 6 9 22.0531604960989 53.2208517195047 0 
30 6 1 14.2989120867309 44.7736857816149 0 
31 7 2 19.3317821568074 41.7254313354578 0 
32 7 8 22.2523335292434 43.8473360649313 0 
33 7 6 24.189716631371 48.8110947935149 0 
34 7 7 28.2630683696677 43.2046069788385 0 
35 7 1 20.6756012922415 35.996924859767 0 
36 8 2 25.9995301219062 33.4914472351506 0 
37 8 3 28.7788918004843 35.9939956681788 0 
38 8 4 31.1336313574678 40.7301226321418 0 
39 8 9 33.7633146039386 37.8095634351333 0 
40 8 1 27.934779644307 27.9347894629968 0 
41 9 2 33.4914371571867 25.9995391961458 0 
42 9 3 35.9939856646876 28.7789008076683 0 
43 9 4 37.8407656474676 33.7352200765616 0 
44 9 9 40.7613247740139 31.1055367518347 0 
45 9 1 35.9969140685324 20.6756100308109 0 
46 10 2 41.7254203641856 19.3317901279032 0 
47 10 3 43.9237372564039 22.3575136515233 0 
48 10 4 45.2423239577151 27.4797227561114 0 
49 10 9 48.4217607084709 25.1697266634864 0 
50 10 1 44.7736741360666 14.2989196494384 0 
51 11 2 50.6112665028904 13.5612532820409 0 
52 11 3 52.4812665607484 16.8001882587904 0 
53 11 4 53.2572132692516 22.0321672061451 0 
54 11 9 56.6606930710232 20.0671671453479 0 
55 11 1 54.1688998302321 8.87458267072452 0 
56 12 2 60.051620386841 8.75115186564949 0 
57 12 3 61.5728154990804 12.167811847342 0 
58 12 6 60.4747850298925 17.2322662196051 0 
59 12 5 65.0151059146549 15.2107850143029 0 
60 12 1 64.079655095755 4.46202926369774 0 
61 13 2 69.9430515268891 4.95418635462912 0 
62 13 3 71.0987751620979 8.51113770079899 0 
63 13 4 70.7699760029102 13.7901137485679 0 
64 13 9 74.5076280859175 12.5756768805543 0 
65 13 1 74.3973556276883 1.10960428522388 0 
66 14 2 80.1771873372431 2.21195709626673 0 
67 14 8 80.9277486230956 5.74306991748605 0 
68 14 6 79.0461020248685 10.7282238849559 0 
69 14 7 85.8246648644945 9.28739571017541 0 
70 14 1 85.0089585437396 -1.14596239634481 0 
71 15 2 90.6419004881562 0.554508527141195 0 
72 15 3 91.0328370337969 4.27402040604177 0 
73 15 4 89.6136621074397 9.36927697744217 0 
74 15 9 93.5221331459636 8.95848001905502 0 
75 15 1 95.7982009057029 -2.27995832127978 0 
76 16 2 101.222537396373 3.26849658449646e-13 0 
77 16 3 101.222537496586 3.74000000000033 0 
78 16 4 99.27853762839 8.6590000520896 0 
79 16 9 103.20853762839 8.65899994678566 0 
80 16 1 106.646873520496 -2.27995919334695 0 
81 17 2 111.803174393738 0.554506826098759 0 
82 17 8 111.425826743954 4.14473087916328 0 
83 17 6 108.095777212114 8.30443328624584 0 
84 17 7 114.98781396772 9.02881533970784 0 
85 17 1 117.43611606477 -1.14596500299182 0 
86 18 2 122.267887811118 2.21195371281881 0 
87 18 3 121.490298198552 5.87022576317674 0 
88 18 4 118.566061789433 10.2775535730385 0 
89 18 9 122.410181885129 11.0946464012158 0 
90 18 1 128.047719343448 1.10959997255601 0 
91 19 2 132.502024062338 4.95418132584551 0 
92 19 3 131.346300617745 8.51113273395038 0 
93 19 4 127.977392285845 12.5886508088648 0 
94 19 9 131.715044433934 13.8030874765783 0 
95 19 1 138.365420414348 4.46202329225952 0 
96 20 2 142.393455812822 8.75114524662659 0 
97 20 3 140.87226088368 12.1678053098396 0 
98 20 4 137.095591092415 15.8708395100251 0 
99 20 9 140.685824795203 17.4693143954598 0 
100 20 1 148.276176389274 8.87457510594025 0 
101 21 2 151.833810470089 13.5612451452981 0 
102 21 3 149.963810585805 16.8001802222605 0 
103 21 6 145.221174848628 18.8886665795173 0 
104 21 5 149.525321194217 21.3736664257451 0 
105 21 1 157.671402955507 14.2989105741895 0 
106 22 2 160.719657536519 19.3317805625884 0 
107 22 3 158.521340806449 22.3575042040159 0 
108 22 4 154.057296219778 25.1944044363487 0 
109 22 9 157.236733094326 27.5044003585884 0 
110 22 1 166.448164048218 20.6755995445277 0 
111 23 2 168.953641815488 25.9995283070585 0 
112 23 8 166.538080431963 28.6822812219615 0 
113 23 6 161.399002054875 30.0901972116947 0 
114 23 7 166.548995877666 34.7272721113711 0 
115 23 1 174.510299639497 27.9347776805692 0 
116 24 2 176.445550055238 33.491435141594 0 
117 24 3 173.666188510771 35.9939837235676 0 
118 24 4 168.709869291362 37.8407638391517 0 
119 24 9 171.339552694345 40.761322895236 0 
120 24 1 181.769479287707 35.9969119102856 0 
121 25 2 183.113299344109 41.7254181699313 0 
122 25 3 180.087575879393 43.9237351432235 0 
123 25 4 174.965366810136 45.2423219817837 0 
124 25 9 177.275362987954 48.4217586706435 0 
125 25 1 188.146169904252 44.773671806957 0 
126 26 2 188.883836428067 50.6112641540152 0 
127 26 8 185.757484801013 52.4162642936323 0 
128 26 6 180.434860853918 52.1672094446431 0 
129 26 7 183.899861121936 58.1687653381287 0 
130 26 1 193.57050713471 54.168897355778 0 
131 27 2 193.693938097412 60.0516179090796 0 
132 27 3 190.277278156479 61.5728131128681 0 
133 27 4 184.992852026637 61.7976185359332 0 
134 27 9 186.591327200672 65.3878521102283 0 
135 27 1 197.983060807294 64.079652503067 0 
136 28 2 197.490903873472 69.9430489473883 0 
137 28 3 193.933952558269 71.0987726779053 0 
138 28 4 188.65497650169 70.7699736601672 0 
139 28 9 189.869413469854 74.5076257106338 0 
140 28 1 201.33548606223 74.3973529451723 0 
141 29 2 200.233133406057 80.1771846842647 0 
142 29 3 196.574861418205 80.9547745908994 0 
143 29 4 191.359172999291 80.0759735230792 0 
144 29 9 192.176266136476 83.9200935530944 0 
145 29 1 203.591053028135 85.008955800786 0 
146 30 2 201.890582255583 90.6418977907666 0 
147 30 3 198.171070387158 91.0328344360713 0 
148 30 6 193.693798046359 88.4235430789553 0 
149 30 5 194.213304764852 93.3663168720233 0 
150 30 1 204.725049242167 95.798198132364 0 
151 31 2 202.445091066231 101.222534684125 0 
152 31 3 198.705091066231 101.222534884551 0 
153 31 4 193.786090962053 99.2785351481594 0 
154 31 9 193.786091172661 103.208535148159 0 
155 31 1 204.725050404923 106.646870747157 0 
156 32 2 201.89058452364 111.803171696348 0 
157 32 8 198.300360460464 111.425824142764 0 
158 32 6 194.140657964153 108.095774722383 0 
159 32 7 193.416276095363 114.987811497398 0 
160 32 1 203.591056503665 117.436113321817 0 
161 33 2 200.233137917321 122.267885158139 0 
162 33 3 196.574865846127 121.490295643596 0 
163 33 4 192.167537957911 118.566059352571 0 
164 33 9 191.350445232737 122.410179470162 0 
165 33 1 201.335491812454 128.047716660932 0 
166 34 2 197.490910578517 132.502021482837 0 
167 34 3 193.933959139444 131.346298133553 0 
168 34 4 189.85644097426 127.977389910909 0 
169 34 9 188.642004406697 131.715042091539 0 
170 34 1 197.983068769212 138.36541782166 0 
171 35 2 193.693946922775 142.39345333506 0 
172 35 8 190.396047731507 140.925134253855 0 
173 35 6 187.468977405687 136.472650305798 0 
174 35 7 184.650292853678 142.803520498454 0 
175 35 1 193.570517221089 148.27617391482 0 
176 36 2 188.883847277057 151.833808121214 0 
177 36 3 185.644912149988 149.963808323716 0 
178 36 4 182.356932929743 145.820755144329 0 
179 36 9 180.391933142534 149.224235104056 0 
180 36 1 188.146182004584 157.671400626397 0 
181 37 2 183.113312097862 160.719655342265 0 
182 37 3 180.087588397531 158.521338693268 0 
183 37 4 177.250688045585 154.057294182612 0 
184 37 9 174.940692208538 157.236731119056 0 
185 37 1 181.769493269418 166.448161889971 0 
186 38 2 176.445564574021 168.953639799895 0 
187 38 3 173.666202761332 166.451091515812 0 
188 38 4 171.31146295054 161.71496467804 0 
189 38 9 168.681779860582 164.635524015972 0 
190 38 1 174.5103153494 174.510297675759 0 
191 39 2 168.95365794023 176.44554824039 0 
192 39 3 166.451109283784 173.666186762978 0 
193 39 6 165.930395599657 168.510294380552 0 
194 39 5 162.236966042776 171.835873744867 0 
195 39 1 166.448181314193 181.769477539993 0 
196 40 2 160.719675090555 183.11329774989 0 
197 40 3 158.521358036189 180.087574344077 0 
198 40 4 157.202771060379 174.965365310152 0 
199 40 9 154.023334433416 177.275361573162 0 
200 40 1 157.671421588384 188.14616839171 0 
201 41 2 151.833829261092 188.883835071943 0 
202 41 8 150.028829037704 185.757483493254 0 
203 41 6 150.277883744075 180.434859539485 0 
204 41 7 144.276327943433 183.899859968314 0 
205 41 1 148.276196184908 193.570505873912 0 
206 42 2 142.393475634914 193.693936994241 0 
207 42 3 140.872280339576 190.277277094069 0 
208 42 4 140.647474774915 184.99285097025 0 
209 42 9 137.057241243451 186.591326240485 0 
210 42 1 138.365441155853 197.983059812054 0 
211 43 2 132.502044698344 197.490903035341 0 
212 43 3 131.346320872519 193.933951751106 0 
213 43 4 131.675119748808 188.654975685717 0 
214 43 9 127.937467730882 189.86941275403 0 
215 43 1 128.047740803575 201.335485343451 0 
216 44 2 122.267909034946 200.233132842149 0 
217 44 8 121.517347559862 196.702020061152 0 
218 44 6 123.398993890935 191.716865992845 0 
219 44 7 116.620431128523 193.157694530887 0 
220 44 1 117.436138008399 203.591052593694 0 
221 45 2 111.803195972855 201.890581972076 0 
222 45 3 111.412259227886 198.171070114126 0 
223 45 4 112.83143388119 193.075813466672 0 
224 45 9 108.92296286468 193.486610634513 0 
225 45 1 106.646895707207 204.725049096822 0 
226 46 2 101.222559094354 202.445091066231 0 
227 46 3 101.222558793715 198.705091066231 0 
228 46 4 103.166558398303 193.786090909963 0 
229 46 9 99.2365583983031 193.786091225875 0 
230 46 1 95.7982230924142 204.725050550267 0 
231 47 2 90.6419220672736 201.890584807147 0 
232 47 3 91.0328582142586 198.171072886346 0 
233 47 4 93.4803839043805 193.482222814506 0 
234 47 9 89.5719128218276 193.071426275027 0 
235 47 1 85.0089804873687 203.591056938105 0 
236 48 2 80.1772085610716 200.233138481228 0 
237 48 3 80.9547979775912 196.5748663892 0 
238 48 6 84.8199346564511 193.1230426026 0 
239 48 5 79.9585409940492 192.089721907386 0 
240 48 1 74.3973770878163 201.335492531231 0 
241 49 2 69.9430721628956 197.490911416647 0 
242 49 3 71.0987954168718 193.933959946607 0 
243 49 4 74.4677035302586 189.856441691154 0 
244 49 9 70.7300513170884 188.64200522374 0 
245 49 1 64.07967583726 197.983069764451 0 
246 50 2 60.0516402089333 193.693948025946 0 
247 50 8 61.5199592017718 190.396048795334 0 
248 50 6 65.9724430713981 187.46897835021 0 
249 50 7 59.6415728032154 184.650293967836 0 
250 50 1 54.168919625866 193.570518481886 0 
251 51 2 50.6112852938938 188.883848633181 0 
252 51 3 52.481285004604 185.644913456006 0 
253 51 4 56.6243380958908 182.356934124748 0 
254 51 9 53.2208580835114 180.391934428734 0 
255 51 1 44.7736927689445 188.146183517125 0 
256 52 2 41.7254379182216 183.113313692081 0 
257 52 3 43.923754486144 180.087589932846 0 
258 52 4 48.3877989207864 177.250689461286 0 
259 52 9 45.2083619224461 174.940693709432 0 
260 52 1 35.9969313345083 181.769495017131 0 
261 53 2 33.4914532819297 176.445566388869 0 
262 53 8 35.907014521687 173.762813344516 0 
263 53 6 41.046092823325 172.354897079381 0 
264 53 7 35.8960987520336 167.717822455692 0 
265 53 1 27.9347953542114 174.510317313138 0 
266 54 2 25.9995446406902 168.953659955823 0 
267 54 3 28.7789060510461 166.451111224904 0 
268 54 4 33.7352251714866 164.604330843712 0 
269 54 9 31.1055416119915 161.683771928552 0 
270 54 1 20.6756152739534 166.44818347244 0 
271 55 2 19.3317949105614 160.719677284809 0 
272 55 3 22.3575182574705 158.521360149369 0 
273 55 4 27.4797272560644 157.20277303631 0 
274 55 9 25.1697309078613 154.023336471243 0 
275 55 1 14.2989241870637 157.671423917494 0 
276 56 2 13.5612573504131 151.833831609967 0 
277 56 3 16.8001921768433 149.963831291748 0 
278 56 4 22.0321710618237 149.187884162674 0 
279 56 9 20.0671707274388 145.784404518858 0 
280 56 1 8.87458645311746 148.276198659362 0 
281 57 2 8.75115517516186 142.393478112675 0 
282 57 8 12.0490541303694 140.925158501268 0 
283 57 4 16.508415966627 141.640189978428 0 
284 57 7 14.4950691310418 137.118140164501 0 
285 57 1 4.46203224941777 138.365443748541 0 
286 58 2 4.95418886902183 132.502047277845 0 
287 58 8 8.3875027792612 131.386495578569 0 
288 58 4 12.7476946253966 132.563740270591 0 
289 58 7 11.2180600238967 127.856010670679 0 
290 58 1 1.10960644155874 128.047743486091 0 
291 59 2 2.21195878799163 122.267911687924 0 
292 59 8 5.74307154887731 121.517350118224 0 
293 59 6 10.7282256676027 123.398996315721 0 
294 59 7 9.28739694792956 116.620433591916 0 
295 59 1 -1.14596109302035 117.436140751353 0 
296 60 2 0.554509377663393 111.803198670244 0 
297 60 3 4.27402122513865 111.412261825612 0 
298 60 4 9.36927791061896 112.831436342389 0 
299 60 9 8.95848063805058 108.922965336887 0

Bonds

1 2 1 2 
2 4 2 3 
3 10 3 4 
4 7 4 2 
5 1 1 5 
6 1 5 6 
7 2 6 7 
8 6 7 8 
9 11 8 9 
10 5 9 7 
11 1 6 10 
12 1 10 11 
13 2 11 12 
14 4 12 13 
15 10 13 14 
16 7 14 12 
17 1 11 15 
18 1 15 16 
19 3 16 17 
20 13 17 18 
21 12 18 19 
22 14 19 17 
23 1 16 20 
24 1 20 21 
25 2 21 22 
26 4 22 23 
27 10 23 24 
28 7 24 22 
29 1 21 25 
30 1 25 26 
31 2 26 27 
32 4 27 28 
33 10 28 29 
34 7 29 27 
35 1 26 30 
36 1 30 31 
37 3 31 32 
38 13 32 33 
39 12 33 34 
40 14 34 32 
41 1 31 35 
42 1 35 36 
43 2 36 37 
44 4 37 38 
45 10 38 39 
46 7 39 37 
47 1 36 40 
48 1 40 41 
49 2 41 42 
50 4 42 43 
51 10 43 44 
52 7 44 42 
53 1 41 45 
54 1 45 46 
55 2 46 47 
56 4 47 48 
57 10 48 49 
58 7 49 47 
59 1 46 50 
60 1 50 51 
61 2 51 52 
62 4 52 53 
63 10 53 54 
64 7 54 52 
65 1 51 55 
66 1 55 56 
67 2 56 57 
68 6 57 58 
69 11 58 59 
70 5 59 57 
71 1 56 60 
72 1 60 61 
73 2 61 62 
74 4 62 63 
75 10 63 64 
76 7 64 62 
77 1 61 65 
78 1 65 66 
79 3 66 67 
80 13 67 68 
81 12 68 69 
82 14 69 67 
83 1 66 70 
84 1 70 71 
85 2 71 72 
86 4 72 73 
87 10 73 74 
88 7 74 72 
89 1 71 75 
90 1 75 76 
91 2 76 77 
92 4 77 78 
93 10 78 79 
94 7 79 77 
95 1 76 80 
96 1 80 81 
97 3 81 82 
98 13 82 83 
99 12 83 84 
100 14 84 82 
101 1 81 85 
102 1 85 86 
103 2 86 87 
104 4 87 88 
105 10 88 89 
106 7 89 87 
107 1 86 90 
108 1 90 91 
109 2 91 92 
110 4 92 93 
111 10 93 94 
112 7 94 92 
113 1 91 95 
114 1 95 96 
115 2 96 97 
116 4 97 98 
117 10 98 99 
118 7 99 97 
119 1 96 100 
120 1 100 101 
121 2 101 102 
122 6 102 103 
123 11 103 104 
124 5 104 102 
125 1 101 105 
126 1 105 106 
127 2 106 107 
128 4 107 108 
129 10 108 109 
130 7 109 107 
131 1 106 110 
132 1 110 111 
133 3 111 112 
134 13 112 113 
135 12 113 114 
136 14 114 112 
137 1 111 115 
138 1 115 116 
139 2 116 117 
140 4 117 118 
141 10 118 119 
142 7 119 117 
143 1 116 120 
144 1 120 121 
145 2 121 122 
146 4 122 123 
147 10 123 124 
148 7 124 122 
149 1 121 125 
150 1 125 126 
151 3 126 127 
152 13 127 128 
153 12 128 129 
154 14 129 127 
155 1 126 130 
156 1 130 131 
157 2 131 132 
158 4 132 133 
159 10 133 134 
160 7 134 132 
161 1 131 135 
162 1 135 136 
163 2 136 137 
164 4 137 138 
165 10 138 139 
166 7 139 137 
167 1 136 140 
168 1 140 141 
169 2 141 142 
170 4 142 143 
171 10 143 144 
172 7 144 142 
173 1 141 145 
174 1 145 146 
175 2 146 147 
176 6 147 148 
177 11 148 149 
178 5 149 147 
179 1 146 150 
180 1 150 151 
181 2 151 152 
182 4 152 153 
183 10 153 154 
184 7 154 152 
185 1 151 155 
186 1 155 156 
187 3 156 157 
188 13 157 158 
189 12 158 159 
190 14 159 157 
191 1 156 160 
192 1 160 161 
193 2 161 162 
194 4 162 163 
195 10 163 164 
196 7 164 162 
197 1 161 165 
198 1 165 166 
199 2 166 167 
200 4 167 168 
201 10 168 169 
202 7 169 167 
203 1 166 170 
204 1 170 171 
205 3 171 172 
206 13 172 173 
207 12 173 174 
208 14 174 172 
209 1 171 175 
210 1 175 176 
211 2 176 177 
212 4 177 178 
213 10 178 179 
214 7 179 177 
215 1 176 180 
216 1 180 181 
217 2 181 182 
218 4 182 183 
219 10 183 184 
220 7 184 182 
221 1 181 185 
222 1 185 186 
223 2 186 187 
224 4 187 188 
225 10 188 189 
226 7 189 187 
227 1 186 190 
228 1 190 191 
229 2 191 192 
230 6 192 193 
231 11 193 194 
232 5 194 192 
233 1 191 195 
234 1 195 196 
235 2 196 197 
236 4 197 198 
237 10 198 199 
238 7 199 197 
239 1 196 200 
240 1 200 201 
241 3 201 202 
242 13 202 203 
243 12 203 204 
244 14 204 202 
245 1 201 205 
246 1 205 206 
247 2 206 207 
248 4 207 208 
249 10 208 209 
250 7 209 207 
251 1 206 210 
252 1 210 211 
253 2 211 212 
254 4 212 213 
255 10 213 214 
256 7 214 212 
257 1 211 215 
258 1 215 216 
259 3 216 217 
260 13 217 218 
261 12 218 219 
262 14 219 217 
263 1 216 220 
264 1 220 221 
265 2 221 222 
266 4 222 223 
267 10 223 224 
268 7 224 222 
269 1 221 225 
270 1 225 226 
271 2 226 227 
272 4 227 228 
273 10 228 229 
274 7 229 227 
275 1 226 230 
276 1 230 231 
277 2 231 232 
278 4 232 233 
279 10 233 234 
280 7 234 232 
281 1 231 235 
282 1 235 236 
283 2 236 237 
284 6 237 238 
285 11 238 239 
286 5 239 237 
287 1 236 240 
288 1 240 241 
289 2 241 242 
290 4 242 243 
291 10 243 244 
292 7 244 242 
293 1 241 245 
294 1 245 246 
295 3 246 247 
296 13 247 248 
297 12 248 249 
298 14 249 247 
299 1 246 250 
300 1 250 251 
301 2 251 252 
302 4 252 253 
303 10 253 254 
304 7 254 252 
305 1 251 255 
306 1 255 256 
307 2 256 257 
308 4 257 258 
309 10 258 259 
310 7 259 257 
311 1 256 260 
312 1 260 261 
313 3 261 262 
314 13 262 263 
315 12 263 264 
316 14 264 262 
317 1 261 265 
318 1 265 266 
319 2 266 267 
320 4 267 268 
321 10 268 269 
322 7 269 267 
323 1 266 270 
324 1 270 271 
325 2 271 272 
326 4 272 273 
327 10 273 274 
328 7 274 272 
329 1 271 275 
330 1 275 276 
331 2 276 277 
332 4 277 278 
333 10 278 279 
334 7 279 277 
335 1 276 280 
336 1 280 281 
337 3 281 282 
338 9 282 283 
339 8 283 284 
340 14 284 282 
341 1 281 285 
342 1 285 286 
343 3 286 287 
344 9 287 288 
345 8 288 289 
346 14 289 287 
347 1 286 290 
348 1 290 291 
349 3 291 292 
350 13 292 293 
351 12 293 294 
352 14 294 292 
353 1 291 295 
354 1 295 296 
355 2 296 297 
356 4 297 298 
357 10 298 299 
358 7 299 297

Angles

1 9 1 2 3 
2 12 1 2 4 
3 8 1 5 6 
4 2 2 1 5 
5 16 2 3 4 
6 25 2 4 3 
7 20 3 2 4 
8 3 5 6 7 
9 1 5 6 10 
10 11 6 7 8 
11 10 6 7 9 
12 8 6 10 11 
13 2 7 6 10 
14 17 7 8 9 
15 26 7 9 8 
16 18 8 7 9 
17 3 10 11 12 
18 1 10 11 15 
19 9 11 12 13 
20 12 11 12 14 
21 8 11 15 16 
22 2 12 11 15 
23 16 12 13 14 
24 25 12 14 13 
25 20 13 12 14 
26 6 15 16 17 
27 1 15 16 20 
28 14 16 17 18 
29 15 16 17 19 
30 8 16 20 21 
31 5 17 16 20 
32 23 17 18 19 
33 27 17 19 18 
34 22 18 17 19 
35 3 20 21 22 
36 1 20 21 25 
37 9 21 22 23 
38 12 21 22 24 
39 8 21 25 26 
40 2 22 21 25 
41 16 22 23 24 
42 25 22 24 23 
43 20 23 22 24 
44 3 25 26 27 
45 1 25 26 30 
46 9 26 27 28 
47 12 26 27 29 
48 8 26 30 31 
49 2 27 26 30 
50 16 27 28 29 
51 25 27 29 28 
52 20 28 27 29 
53 6 30 31 32 
54 1 30 31 35 
55 14 31 32 33 
56 15 31 32 34 
57 8 31 35 36 
58 5 32 31 35 
59 23 32 33 34 
60 27 32 34 33 
61 22 33 32 34 
62 3 35 36 37 
63 1 35 36 40 
64 9 36 37 38 
65 12 36 37 39 
66 8 36 40 41 
67 2 37 36 40 
68 16 37 38 39 
69 25 37 39 38 
70 20 38 37 39 
71 3 40 41 42 
72 1 40 41 45 
73 9 41 42 43 
74 12 41 42 44 
75 8 41 45 46 
76 2 42 41 45 
77 16 42 43 44 
78 25 42 44 43 
79 20 43 42 44 
80 3 45 46 47 
81 1 45 46 50 
82 9 46 47 48 
83 12 46 47 49 
84 8 46 50 51 
85 2 47 46 50 
86 16 47 48 49 
87 25 47 49 48 
88 20 48 47 49 
89 3 50 51 52 
90 1 50 51 55 
91 9 51 52 53 
92 12 51 52 54 
93 8 51 55 56 
94 2 52 51 55 
95 16 52 53 54 
96 25 52 54 53 
97 20 53 52 54 
98 3 55 56 57 
99 1 55 56 60 
100 11 56 57 58 
101 10 56 57 59 
102 8 56 60 61 
103 2 57 56 60 
104 17 57 58 59 
105 26 57 59 58 
106 18 58 57 59 
107 3 60 61 62 
108 1 60 61 65 
109 9 61 62 63 
110 12 61 62 64 
111 8 61 65 66 
112 2 62 61 65 
113 16 62 63 64 
114 25 62 64 63 
115 20 63 62 64 
116 6 65 66 67 
117 1 65 66 70 
118 14 66 67 68 
119 15 66 67 69 
120 8 66 70 71 
121 5 67 66 70 
122 23 67 68 69 
123 27 67 69 68 
124 22 68 67 69 
125 3 70 71 72 
126 1 70 71 75 
127 9 71 72 73 
128 12 71 72 74 
129 8 71 75 76 
130 2 72 71 75 
131 16 72 73 74 
132 25 72 74 73 
133 20 73 72 74 
134 3 75 76 77 
135 1 75 76 80 
136 9 76 77 78 
137 12 76 77 79 
138 8 76 80 81 
139 2 77 76 80 
140 16 77 78 79 
141 25 77 79 78 
142 20 78 77 79 
143 6 80 81 82 
144 1 80 81 85 
145 14 81 82 83 
146 15 81 82 84 
147 8 81 85 86 
148 5 82 81 85 
149 23 82 83 84 
150 27 82 84 83 
151 22 83 82 84 
152 3 85 86 87 
153 1 85 86 90 
154 9 86 87 88 
155 12 86 87 89 
156 8 86 90 91 
157 2 87 86 90 
158 16 87 88 89 
159 25 87 89 88 
160 20 88 87 89 
161 3 90 91 92 
162 1 90 91 95 
163 9 91 92 93 
164 12 91 92 94 
165 8 91 95 96 
166 2 92 91 95 
167 16 92 93 94 
168 25 92 94 93 
169 20 93 92 94 
170 3 95 96 97 
171 1 95 96 100 
172 9 96 97 98 
173 12 96 97 99 
174 8 96 100 101 
175 2 97 96 100 
176 16 97 98 99 
177 25 97 99 98 
178 20 98 97 99 
179 3 100 101 102 
180 1 100 101 105 
181 11 101 102 103 
182 10 101 102 104 
183 8 101 105 106 
184 2 102 101 105 
185 17 102 103 104 
186 26 102 104 103 
187 18 103 102 104 
188 3 105 106 107 
189 1 105 106 110 
190 9 106 107 108 
191 12 106 107 109 
192 8 106 110 111 
193 2 107 106 110 
194 16 107 108 109 
195 25 107 109 108 
196 20 108 107 109 
197 6 110 111 112 
198 1 110 111 115 
199 14 111 112 113 
200 15 111 112 114 
201 8 111 115 116 
202 5 112 111 115 
203 23 112 113 114 
204 27 112 114 113 
205 22 113 112 114 
206 3 115 116 117 
207 1 115 116 120 
208 9 116 117 118 
209 12 116 117 119 
210 8 116 120 121 
211 2 117 116 120 
212 16 117 118 119 
213 25 117 119 118 
214 20 118 117 119 
215 3 120 121 122 
216 1 120 121 125 
217 9 121 122 123 
218 12 121 122 124 
219 8 121 125 126 
220 2 122 121 125 
221 16 122 123 124 
222 25 122 124 123 
223 20 123 122 124 
224 6 125 126 127 
225 1 125 126 130 
226 14 126 127 128 
227 15 126 127 129 
228 8 126 130 131 
229 5 127 126 130 
230 23 127 128 129 
231 27 127 129 128 
232 22 128 127 129 
233 3 130 131 132 
234 1 130 131 135 
235 9 131 132 133 
236 12 131 132 134 
237 8 131 135 136 
238 2 132 131 135 
239 16 132 133 134 
240 25 132 134 133 
241 20 133 132 134 
242 3 135 136 137 
243 1 135 136 140 
244 9 136 137 138 
245 12 136 137 139 
246 8 136 140 141 
247 2 137 136 140 
248 16 137 138 139 
249 25 137 139 138 
250 20 138 137 139 
251 3 140 141 142 
252 1 140 141 145 
253 9 141 142 143 
254 12 141 142 144 
255 8 141 145 146 
256 2 142 141 145 
257 16 142 143 144 
258 25 142 144 143 
259 20 143 142 144 
260 3 145 146 147 
261 1 145 146 150 
262 11 146 147 148 
263 10 146 147 149 
264 8 146 150 151 
265 2 147 146 150 
266 17 147 148 149 
267 26 147 149 148 
268 18 148 147 149 
269 3 150 151 152 
270 1 150 151 155 
271 9 151 152 153 
272 12 151 152 154 
273 8 151 155 156 
274 2 152 151 155 
275 16 152 153 154 
276 25 152 154 153 
277 20 153 152 154 
278 6 155 156 157 
279 1 155 156 160 
280 14 156 157 158 
281 15 156 157 159 
282 8 156 160 161 
283 5 157 156 160 
284 23 157 158 159 
285 27 157 159 158 
286 22 158 157 159 
287 3 160 161 162 
288 1 160 161 165 
289 9 161 162 163 
290 12 161 162 164 
291 8 161 165 166 
292 2 162 161 165 
293 16 162 163 164 
294 25 162 164 163 
295 20 163 162 164 
296 3 165 166 167 
297 1 165 166 170 
298 9 166 167 168 
299 12 166 167 169 
300 8 166 170 171 
301 2 167 166 170 
302 16 167 168 169 
303 25 167 169 168 
304 20 168 167 169 
305 6 170 171 172 
306 1 170 171 175 
307 14 171 172 173 
308 15 171 172 174 
309 8 171 175 176 
310 5 172 171 175 
311 23 172 173 174 
312 27 172 174 173 
313 22 173 172 174 
314 3 175 176 177 
315 1 175 176 180 
316 9 176 177 178 
317 12 176 177 179 
318 8 176 180 181 
319 2 177 176 180 
320 16 177 178 179 
321 25 177 179 178 
322 20 178 177 179 
323 3 180 181 182 
324 1 180 181 185 
325 9 181 182 183 
326 12 181 182 184 
327 8 181 185 186 
328 2 182 181 185 
329 16 182 183 184 
330 25 182 184 183 
331 20 183 182 184 
332 3 185 186 187 
333 1 185 186 190 
334 9 186 187 188 
335 12 186 187 189 
336 8 186 190 191 
337 2 187 186 190 
338 16 187 188 189 
339 25 187 189 188 
340 20 188 187 189 
341 3 190 191 192 
342 1 190 191 195 
343 11 191 192 193 
344 10 191 192 194 
345 8 191 195 196 
346 2 192 191 195 
347 17 192 193 194 
348 26 192 194 193 
349 18 193 192 194 
350 3 195 196 197 
351 1 195 196 200 
352 9 196 197 198 
353 12 196 197 199 
354 8 196 200 201 
355 2 197 196 200 
356 16 197 198 199 
357 25 197 199 198 
358 20 198 197 199 
359 6 200 201 202 
360 1 200 201 205 
361 14 201 202 203 
362 15 201 202 204 
363 8 201 205 206 
364 5 202 201 205 
365 23 202 203 204 
366 27 202 204 203 
367 22 203 202 204 
368 3 205 206 207 
369 1 205 206 210 
370 9 206 207 208 
371 12 206 207 209 
372 8 206 210 211 
373 2 207 206 210 
374 16 207 208 209 
375 25 207 209 208 
376 20 208 207 209 
377 3 210 211 212 
378 1 210 211 215 
379 9 211 212 213 
380 12 211 212 214 
381 8 211 215 216 
382 2 212 211 215 
383 16 212 213 214 
384 25 212 214 213 
385 20 213 212 214 
386 6 215 216 217 
387 1 215 216 220 
388 14 216 217 218 
389 15 216 217 219 
390 8 216 220 221 
391 5 217 216 220 
392 23 217 218 219 
393 27 217 219 218 
394 22 218 217 219 
395 3 220 221 222 
396 1 220 221 225 
397 9 221 222 223 
398 12 221 222 224 
399 8 221 225 226 
400 2 222 221 225 
401 16 222 223 224 
402 25 222 224 223 
403 20 223 222 224 
404 3 225 226 227 
405 1 225 226 230 
406 9 226 227 228 
407 12 226 227 229 
408 8 226 230 231 
409 2 227 226 230 
410 16 227 228 229 
411 25 227 229 228 
412 20 228 227 229 
413 3 230 231 232 
414 1 230 231 235 
415 9 231 232 233 
416 12 231 232 234 
417 8 231 235 236 
418 2 232 231 235 
419 16 232 233 234 
420 25 232 234 233 
421 20 233 232 234 
422 3 235 236 237 
423 1 235 236 240 
424 11 236 237 238 
425 10 236 237 239 
426 8 236 240 241 
427 2 237 236 240 
428 17 237 238 239 
429 26 237 239 238 
430 18 238 237 239 
431 3 240 241 242 
432 1 240 241 245 
433 9 241 242 243 
434 12 241 242 244 
435 8 241 245 246 
436 2 242 241 245 
437 16 242 243 244 
438 25 242 244 243 
439 20 243 242 244 
440 6 245 246 247 
441 1 245 246 250 
442 14 246 247 248 
443 15 246 247 249 
444 8 246 250 251 
445 5 247 246 250 
446 23 247 248 249 
447 27 247 249 248 
448 22 248 247 249 
449 3 250 251 252 
450 1 250 251 255 
451 9 251 252 253 
452 12 251 252 254 
453 8 251 255 256 
454 2 252 251 255 
455 16 252 253 254 
456 25 252 254 253 
457 20 253 252 254 
458 3 255 256 257 
459 1 255 256 260 
460 9 256 257 258 
461 12 256 257 259 
462 8 256 260 261 
463 2 257 256 260 
464 16 257 258 259 
465 25 257 259 258 
466 20 258 257 259 
467 6 260 261 262 
468 1 260 261 265 
469 14 261 262 263 
470 15 261 262 264 
471 8 261 265 266 
472 5 262 261 265 
473 23 262 263 264 
474 27 262 264 263 
475 22 263 262 264 
476 3 265 266 267 
477 1 265 266 270 
478 9 266 267 268 
479 12 266 267 269 
480 8 266 270 271 
481 2 267 266 270 
482 16 267 268 269 
483 25 267 269 268 
484 20 268 267 269 
485 3 270 271 272 
486 1 270 271 275 
487 9 271 272 273 
488 12 271 272 274 
489 8 271 275 276 
490 2 272 271 275 
491 16 272 273 274 
492 25 272 274 273 
493 20 273 272 274 
494 3 275 276 277 
495 1 275 276 280 
496 9 276 277 278 
497 12 276 277 279 
498 8 276 280 281 
499 2 277 276 280 
500 16 277 278 279 
501 25 277 279 278 
502 20 278 277 279 
503 6 280 281 282 
504 1 280 281 285 
505 13 281 282 283 
506 15 281 282 284 
507 8 281 285 286 
508 5 282 281 285 
509 19 282 283 284 
510 24 282 284 283 
511 21 283 282 284 
512 6 285 286 287 
513 1 285 286 290 
514 13 286 287 288 
515 15 286 287 289 
516 8 286 290 291 
517 5 287 286 290 
518 19 287 288 289 
519 24 287 289 288 
520 21 288 287 289 
521 6 290 291 292 
522 1 290 291 295 
523 14 291 292 293 
524 15 291 292 294 
525 8 291 295 296 
526 5 292 291 295 
527 23 292 293 294 
528 27 292 294 293 
529 22 293 292 294 
530 3 295 296 297 
531 9 296 297 298 
532 12 296 297 299 
533 16 297 298 299 
534 25 297 299 298 
535 20 298 297 299

Dihedrals

1 30 1 2 3 4 
2 33 1 2 4 3 
3 24 1 5 6 7 
4 29 1 5 6 10 
5 25 2 1 5 6 
6 1 3 2 1 5 
7 4 4 2 1 5 
8 11 5 6 7 8 
9 8 5 6 7 9 
10 29 5 6 10 11 
11 32 6 7 8 9 
12 31 6 7 9 8 
13 24 6 10 11 12 
14 29 6 10 11 15 
15 25 7 6 10 11 
16 10 8 7 6 10 
17 7 9 7 6 10 
18 2 10 11 12 13 
19 5 10 11 12 14 
20 29 10 11 15 16 
21 30 11 12 13 14 
22 33 11 12 14 13 
23 27 11 15 16 17 
24 29 11 15 16 20 
25 25 12 11 15 16 
26 1 13 12 11 15 
27 4 14 12 11 15 
28 17 15 16 17 18 
29 20 15 16 17 19 
30 29 15 16 20 21 
31 35 16 17 18 19 
32 37 16 17 19 18 
33 24 16 20 21 22 
34 29 16 20 21 25 
35 28 17 16 20 21 
36 16 18 17 16 20 
37 19 19 17 16 20 
38 2 20 21 22 23 
39 5 20 21 22 24 
40 29 20 21 25 26 
41 30 21 22 23 24 
42 33 21 22 24 23 
43 24 21 25 26 27 
44 29 21 25 26 30 
45 25 22 21 25 26 
46 1 23 22 21 25 
47 4 24 22 21 25 
48 2 25 26 27 28 
49 5 25 26 27 29 
50 29 25 26 30 31 
51 30 26 27 28 29 
52 33 26 27 29 28 
53 27 26 30 31 32 
54 29 26 30 31 35 
55 25 27 26 30 31 
56 1 28 27 26 30 
57 4 29 27 26 30 
58 17 30 31 32 33 
59 20 30 31 32 34 
60 29 30 31 35 36 
61 35 31 32 33 34 
62 37 31 32 34 33 
63 24 31 35 36 37 
64 29 31 35 36 40 
65 28 32 31 35 36 
66 16 33 32 31 35 
67 19 34 32 31 35 
68 2 35 36 37 38 
69 5 35 36 37 39 
70 29 35 36 40 41 
71 30 36 37 38 39 
72 33 36 37 39 38 
73 24 36 40 41 42 
74 29 36 40 41 45 
75 25 37 36 40 41 
76 1 38 37 36 40 
77 4 39 37 36 40 
78 2 40 41 42 43 
79 5 40 41 42 44 
80 29 40 41 45 46 
81 30 41 42 43 44 
82 33 41 42 44 43 
83 24 41 45 46 47 
84 29 41 45 46 50 
85 25 42 41 45 46 
86 1 43 42 41 45 
87 4 44 42 41 45 
88 2 45 46 47 48 
89 5 45 46 47 49 
90 29 45 46 50 51 
91 30 46 47 48 49 
92 33 46 47 49 48 
93 24 46 50 51 52 
94 29 46 50 51 55 
95 25 47 46 50 51 
96 1 48 47 46 50 
97 4 49 47 46 50 
98 2 50 51 52 53 
99 5 50 51 52 54 
100 29 50 51 55 56 
101 30 51 52 53 54 
102 33 51 52 54 53 
103 24 51 55 56 57 
104 29 51 55 56 60 
105 25 52 51 55 56 
106 1 53 52 51 55 
107 4 54 52 51 55 
108 11 55 56 57 58 
109 8 55 56 57 59 
110 29 55 56 60 61 
111 32 56 57 58 59 
112 31 56 57 59 58 
113 24 56 60 61 62 
114 29 56 60 61 65 
115 25 57 56 60 61 
116 10 58 57 56 60 
117 7 59 57 56 60 
118 2 60 61 62 63 
119 5 60 61 62 64 
120 29 60 61 65 66 
121 30 61 62 63 64 
122 33 61 62 64 63 
123 27 61 65 66 67 
124 29 61 65 66 70 
125 25 62 61 65 66 
126 1 63 62 61 65 
127 4 64 62 61 65 
128 17 65 66 67 68 
129 20 65 66 67 69 
130 29 65 66 70 71 
131 35 66 67 68 69 
132 37 66 67 69 68 
133 24 66 70 71 72 
134 29 66 70 71 75 
135 28 67 66 70 71 
136 16 68 67 66 70 
137 19 69 67 66 70 
138 2 70 71 72 73 
139 5 70 71 72 74 
140 29 70 71 75 76 
141 30 71 72 73 74 
142 33 71 72 74 73 
143 24 71 75 76 77 
144 29 71 75 76 80 
145 25 72 71 75 76 
146 1 73 72 71 75 
147 4 74 72 71 75 
148 2 75 76 77 78 
149 5 75 76 77 79 
150 29 75 76 80 81 
151 30 76 77 78 79 
152 33 76 77 79 78 
153 27 76 80 81 82 
154 29 76 80 81 85 
155 25 77 76 80 81 
156 1 78 77 76 80 
157 4 79 77 76 80 
158 17 80 81 82 83 
159 20 80 81 82 84 
160 29 80 81 85 86 
161 35 81 82 83 84 
162 37 81 82 84 83 
163 24 81 85 86 87 
164 29 81 85 86 90 
165 28 82 81 85 86 
166 16 83 82 81 85 
167 19 84 82 81 85 
168 2 85 86 87 88 
169 5 85 86 87 89 
170 29 85 86 90 91 
171 30 86 87 88 89 
172 33 86 87 89 88 
173 24 86 90 91 92 
174 29 86 90 91 95 
175 25 87 86 90 91 
176 1 88 87 86 90 
177 4 89 87 86 90 
178 2 90 91 92 93 
179 5 90 91 92 94 
180 29 90 91 95 96 
181 30 91 92 93 94 
182 33 91 92 94 93 
183 24 91 95 96 97 
184 29 91 95 96 100 
185 25 92 91 95 96 
186 1 93 92 91 95 
187 4 94 92 91 95 
188 2 95 96 97 98 
189 5 95 96 97 99 
190 29 95 96 100 101 
191 30 96 97 98 99 
192 33 96 97 99 98 
193 24 96 100 101 102 
194 29 96 100 101 105 
195 25 97 96 100 101 
196 1 98 97 96 100 
197 4 99 97 96 100 
198 11 100 101 102 103 
199 8 100 101 102 104 
200 29 100 101 105 106 
201 32 101 102 103 104 
202 31 101 102 104 103 
203 24 101 105 106 107 
204 29 101 105 106 110 
205 25 102 101 105 106 
206 10 103 102 101 105 
207 7 104 102 101 105 
208 2 105 106 107 108 
209 5 105 106 107 109 
210 29 105 106 110 111 
211 30 106 107 108 109 
212 33 106 107 109 108 
213 27 106 110 111 112 
214 29 106 110 111 115 
215 25 107 106 110 111 
216 1 108 107 106 110 
217 4 109 107 106 110 
218 17 110 111 112 113 
219 20 110 111 112 114 
220 29 110 111 115 116 
221 35 111 112 113 114 
222 37 111 112 114 113 
223 24 111 115 116 117 
224 29 111 115 116 120 
225 28 112 111 115 116 
226 16 113 112 111 115 
227 19 114 112 111 115 
228 2 115 116 117 118 
229 5 115 116 117 119 
230 29 115 116 120 121 
231 30 116 117 118 119 
232 33 116 117 119 118 
233 24 116 120 121 122 
234 29 116 120 121 125 
235 25 117 116 120 121 
236 1 118 117 116 120 
237 4 119 117 116 120 
238 2 120 121 122 123 
239 5 120 121 122 124 
240 29 120 121 125 126 
241 30 121 122 123 124 
242 33 121 122 124 123 
243 27 121 125 126 127 
244 29 121 125 126 130 
245 25 122 121 125 126 
246 1 123 122 121 125 
247 4 124 122 121 125 
248 17 125 126 127 128 
249 20 125 126 127 129 
250 29 125 126 130 131 
251 35 126 127 128 129 
252 37 126 127 129 128 
253 24 126 130 131 132 
254 29 126 130 131 135 
255 28 127 126 130 131 
256 16 128 127 126 130 
257 19 129 127 126 130 
258 2 130 131 132 133 
259 5 130 131 132 134 
260 29 130 131 135 136 
261 30 131 132 133 134 
262 33 131 132 134 133 
263 24 131 135 136 137 
264 29 131 135 136 140 
265 25 132 131 135 136 
266 1 133 132 131 135 
267 4 134 132 131 135 
268 2 135 136 137 138 
269 5 135 136 137 139 
270 29 135 136 140 141 
271 30 136 137 138 139 
272 33 136 137 139 138 
273 24 136 140 141 142 
274 29 136 140 141 145 
275 25 137 136 140 141 
276 1 138 137 136 140 
277 4 139 137 136 140 
278 2 140 141 142 143 
279 5 140 141 142 144 
280 29 140 141 145 146 
281 30 141 142 143 144 
282 33 141 142 144 143 
283 24 141 145 146 147 
284 29 141 145 146 150 
285 25 142 141 145 146 
286 1 143 142 141 145 
287 4 144 142 141 145 
288 11 145 146 147 148 
289 8 145 146 147 149 
290 29 145 146 150 151 
291 32 146 147 148 149 
292 31 146 147 149 148 
293 24 146 150 151 152 
294 29 146 150 151 155 
295 25 147 146 150 151 
296 10 148 147 146 150 
297 7 149 147 146 150 
298 2 150 151 152 153 
299 5 150 151 152 154 
300 29 150 151 155 156 
301 30 151 152 153 154 
302 33 151 152 154 153 
303 27 151 155 156 157 
304 29 151 155 156 160 
305 25 152 151 155 156 
306 1 153 152 151 155 
307 4 154 152 151 155 
308 17 155 156 157 158 
309 20 155 156 157 159 
310 29 155 156 160 161 
311 35 156 157 158 159 
312 37 156 157 159 158 
313 24 156 160 161 162 
314 29 156 160 161 165 
315 28 157 156 160 161 
316 16 158 157 156 160 
317 19 159 157 156 160 
318 2 160 161 162 163 
319 5 160 161 162 164 
320 29 160 161 165 166 
321 30 161 162 163 164 
322 33 161 162 164 163 
323 24 161 165 166 167 
324 29 161 165 166 170 
325 25 162 161 165 166 
326 1 163 162 161 165 
327 4 164 162 161 165 
328 2 165 166 167 168 
329 5 165 166 167 169 
330 29 165 166 170 171 
331 30 166 167 168 169 
332 33 166 167 169 168 
333 27 166 170 171 172 
334 29 166 170 171 175 
335 25 167 166 170 171 
336 1 168 167 166 170 
337 4 169 167 166 170 
338 17 170 171 172 173 
339 20 170 171 172 174 
340 29 170 171 175 176 
341 35 171 172 173 174 
342 37 171 172 174 173 
343 24 171 175 176 177 
344 29 171 175 176 180 
345 28 172 171 175 176 
346 16 173 172 171 175 
347 19 174 172 171 175 
348 2 175 176 177 178 
349 5 175 176 177 179 
350 29 175 176 180 181 
351 30 176 177 178 179 
352 33 176 177 179 178 
353 24 176 180 181 182 
354 29 176 180 181 185 
355 25 177 176 180 181 
356 1 178 177 176 180 
357 4 179 177 176 180 
358 2 180 181 182 183 
359 5 180 181 182 184 
360 29 180 181 185 186 
361 30 181 182 183 184 
362 33 181 182 184 183 
363 24 181 185 186 187 
364 29 181 185 186 190 
365 25 182 181 185 186 
366 1 183 182 181 185 
367 4 184 182 181 185 
368 2 185 186 187 188 
369 5 185 186 187 189 
370 29 185 186 190 191 
371 30 186 187 188 189 
372 33 186 187 189 188 
373 24 186 190 191 192 
374 29 186 190 191 195 
375 25 187 186 190 191 
376 1 188 187 186 190 
377 4 189 187 186 190 
378 11 190 191 192 193 
379 8 190 191 192 194 
380 29 190 191 195 196 
381 32 191 192 193 194 
382 31 191 192 194 193 
383 24 191 195 196 197 
384 29 191 195 196 200 
385 25 192 191 195 196 
386 10 193 192 191 195 
387 7 194 192 191 195 
388 2 195 196 197 198 
389 5 195 196 197 199 
390 29 195 196 200 201 
391 30 196 197 198 199 
392 33 196 197 199 198 
393 27 196 200 201 202 
394 29 196 200 201 205 
395 25 197 196 200 201 
396 1 198 197 196 200 
397 4 199 197 196 200 
398 17 200 201 202 203 
399 20 200 201 202 204 
400 29 200 201 205 206 
401 35 201 202 203 204 
402 37 201 202 204 203 
403 24 201 205 206 207 
404 29 201 205 206 210 
405 28 202 201 205 206 
406 16 203 202 201 205 
407 19 204 202 201 205 
408 2 205 206 207 208 
409 5 205 206 207 209 
410 29 205 206 210 211 
411 30 206 207 208 209 
412 33 206 207 209 208 
413 24 206 210 211 212 
414 29 206 210 211 215 
415 25 207 206 210 211 
416 1 208 207 206 210 
417 4 209 207 206 210 
418 2 210 211 212 213 
419 5 210 211 212 214 
420 29 210 211 215 216 
421 30 211 212 213 214 
422 33 211 212 214 213 
423 27 211 215 216 217 
424 29 211 215 216 220 
425 25 212 211 215 216 
426 1 213 212 211 215 
427 4 214 212 211 215 
428 17 215 216 217 218 
429 20 215 216 217 219 
430 29 215 216 220 221 
431 35 216 217 218 219 
432 37 216 217 219 218 
433 24 216 220 221 222 
434 29 216 220 221 225 
435 28 217 216 220 221 
436 16 218 217 216 220 
437 19 219 217 216 220 
438 2 220 221 222 223 
439 5 220 221 222 224 
440 29 220 221 225 226 
441 30 221 222 223 224 
442 33 221 222 224 223 
443 24 221 225 226 227 
444 29 221 225 226 230 
445 25 222 221 225 226 
446 1 223 222 221 225 
447 4 224 222 221 225 
448 2 225 226 227 228 
449 5 225 226 227 229 
450 29 225 226 230 231 
451 30 226 227 228 229 
452 33 226 227 229 228 
453 24 226 230 231 232 
454 29 226 230 231 235 
455 25 227 226 230 231 
456 1 228 227 226 230 
457 4 229 227 226 230 
458 2 230 231 232 233 
459 5 230 231 232 234 
460 29 230 231 235 236 
461 30 231 232 233 234 
462 33 231 232 234 233 
463 24 231 235 236 237 
464 29 231 235 236 240 
465 25 232 231 235 236 
466 1 233 232 231 235 
467 4 234 232 231 235 
468 11 235 236 237 238 
469 8 235 236 237 239 
470 29 235 236 240 241 
471 32 236 237 238 239 
472 31 236 237 239 238 
473 24 236 240 241 242 
474 29 236 240 241 245 
475 25 237 236 240 241 
476 10 238 237 236 240 
477 7 239 237 236 240 
478 2 240 241 242 243 
479 5 240 241 242 244 
480 29 240 241 245 246 
481 30 241 242 243 244 
482 33 241 242 244 243 
483 27 241 245 246 247 
484 29 241 245 246 250 
485 25 242 241 245 246 
486 1 243 242 241 245 
487 4 244 242 241 245 
488 17 245 246 247 248 
489 20 245 246 247 249 
490 29 245 246 250 251 
491 35 246 247 248 249 
492 37 246 247 249 248 
493 24 246 250 251 252 
494 29 246 250 251 255 
495 28 247 246 250 251 
496 16 248 247 246 250 
497 19 249 247 246 250 
498 2 250 251 252 253 
499 5 250 251 252 254 
500 29 250 251 255 256 
501 30 251 252 253 254 
502 33 251 252 254 253 
503 24 251 255 256 257 
504 29 251 255 256 260 
505 25 252 251 255 256 
506 1 253 252 251 255 
507 4 254 252 251 255 
508 2 255 256 257 258 
509 5 255 256 257 259 
510 29 255 256 260 261 
511 30 256 257 258 259 
512 33 256 257 259 258 
513 27 256 260 261 262 
514 29 256 260 261 265 
515 25 257 256 260 261 
516 1 258 257 256 260 
517 4 259 257 256 260 
518 17 260 261 262 263 
519 20 260 261 262 264 
520 29 260 261 265 266 
521 35 261 262 263 264 
522 37 261 262 264 263 
523 24 261 265 266 267 
524 29 261 265 266 270 
525 28 262 261 265 266 
526 16 263 262 261 265 
527 19 264 262 261 265 
528 2 265 266 267 268 
529 5 265 266 267 269 
530 29 265 266 270 271 
531 30 266 267 268 269 
532 33 266 267 269 268 
533 24 266 270 271 272 
534 29 266 270 271 275 
535 25 267 266 270 271 
536 1 268 267 266 270 
537 4 269 267 266 270 
538 2 270 271 272 273 
539 5 270 271 272 274 
540 29 270 271 275 276 
541 30 271 272 273 274 
542 33 271 272 274 273 
543 24 271 275 276 277 
544 29 271 275 276 280 
545 25 272 271 275 276 
546 1 273 272 271 275 
547 4 274 272 271 275 
548 2 275 276 277 278 
549 5 275 276 277 279 
550 29 275 276 280 281 
551 30 276 277 278 279 
552 33 276 277 279 278 
553 27 276 280 281 282 
554 29 276 280 281 285 
555 25 277 276 280 281 
556 1 278 277 276 280 
557 4 279 277 276 280 
558 14 280 281 282 283 
559 20 280 281 282 284 
560 29 280 281 285 286 
561 34 281 282 283 284 
562 36 281 282 284 283 
563 27 281 285 286 287 
564 29 281 285 286 290 
565 28 282 281 285 286 
566 13 283 282 281 285 
567 19 284 282 281 285 
568 14 285 286 287 288 
569 20 285 286 287 289 
570 29 285 286 290 291 
571 34 286 287 288 289 
572 36 286 287 289 288 
573 27 286 290 291 292 
574 29 286 290 291 295 
575 28 287 286 290 291 
576 13 288 287 286 290 
577 19 289 287 286 290 
578 17 290 291 292 293 
579 20 290 291 292 294 
580 29 290 291 295 296 
581 35 291 292 293 294 
582 37 291 292 294 293 
583 24 291 295 296 297 
584 28 292 291 295 296 
585 16 293 292 291 295 
586 19 294 292 291 295 
587 2 295 296 297 298 
588 5 295 296 297 299 
589 30 296 297 298 299 
590 33 296 297 299 298